001 Bulbasaur Grass 45 49 49 45 65 45 64
002 Ivysaur Grass 60 62 63 60 80 45 141
003 Venusaur Grass 80 82 83 80 100 45 208
004 Charmander Fire 39 52 43 65 50 45 65
005 Charmeleon Fire 58 64 58 80 65 45 142
006 Charizard Fire 78 84 78 100 85 45 209
007 Squirtle Water 44 48 65 43 50 45 66
008 Wartortle Water 59 63 80 58 65 45 143
009 Blastoise Water 79 83 100 78 85 45 210
010 Caterpie Bug 45 30 35 45 20 255 53
011 Metapod Bug 50 20 55 30 25 120 72
012 Butterfree Bug 60 45 50 70 80 45 160
013 Weedle Bug 40 35 30 50 20 255 52
014 Kakuna Bug 45 25 50 35 25 120 71
015 Beedrill Bug 65 80 40 75 45 45 159
016 Pidgey Normal 40 45 40 56 35 255 55
017 Pidgeotto Normal 63 60 55 71 50 120 113
018 Pidgeot Normal 83 80 75 91 70 45 172
019 Rattata Normal 30 56 35 72 25 255 57
020 Raticate Normal 55 81 60 97 50 127 116
021 Spearow Normal 40 60 30 70 31 255 58
022 Fearow Normal 65 90 65 100 61 90 162
023 Ekans Poison 35 60 44 55 40 255 62
024 Arbok Poison 60 85 69 80 65 90 147
025 Pikachu Electric 35 55 30 90 50 190 82
026 Raichu Electric 60 90 55 100 90 75 122
027 Sandshrew Ground 50 75 85 40 30 255 93
028 Sandslash Ground 75 100 110 65 55 90 163
029 Nidoran♀ Poison 55 47 52 41 40 235 59
030 Nidorina Poison 70 62 67 56 55 120 117
031 Nidoqueen Poison 90 82 87 76 75 45 194
032 Nidoran♂ Poison 46 57 40 50 40 235 60
033 Nidorino Poison 61 72 57 65 55 120 118
034 Nidoking Poison 81 92 77 85 75 45 195
035 Clefairy Normal 70 45 48 35 60 150 68
036 Clefable Normal 95 70 73 60 85 25 129
037 Vulpix Fire 38 41 40 65 65 190 63
038 Ninetales Fire 73 76 75 100 100 75 178
039 Jigglypuff Normal 115 45 20 20 25 170 76
040 Wigglytuff Normal 140 70 45 45 50 50 109
041 Zubat Poison 40 45 35 55 40 255 54
042 Golbat Poison 75 80 70 90 75 90 171
043 Oddish Grass 45 50 55 30 75 255 78
044 Gloom Grass 60 65 70 40 85 120 132
045 Vileplume Grass 75 80 85 50 100 45 184
046 Paras Bug 35 70 55 25 55 190 70
047 Parasect Bug 60 95 80 30 80 75 128
048 Venonat Bug 60 55 50 45 40 190 75
049 Venomoth Bug 70 65 60 90 90 75 138
050 Diglett Ground 10 55 25 95 45 255 81
051 Dugtrio Ground 35 80 50 120 70 50 153
052 Meowth Normal 40 45 35 90 40 255 69
053 Persian Normal 65 70 60 115 65 90 148
054 Psyduck Water 50 52 48 55 50 190 80
055 Golduck Water 80 82 78 85 80 75 174
056 Mankey Fighting 80 35 70 35 260 190 74
057 Primeape Fighting 65 105 60 95 60 190 149
058 Growlithe Fire 55 70 45 60 50 75 91
059 Arcanine Fire 90 110 80 95 80 75 213
060 Poliwag Water 40 50 40 90 40 255 77
061 Poliwhirl Water 65 65 65 90 50 120 131
062 Poliwrath Water 90 85 95 70 70 45 185
063 Abra Psychic 25 20 15 90 105 200 75
064 Kadabra Psychic 40 35 30 105 120 100 145
065 Alakazam Psychic 55 50 45 120 135 50 186
066 Machop Fighting 70 80 50 35 35 180 75
067 Machoke Fighting 80 100 70 45 50 90 146
068 Machamp Fighting 90 130 80 55 65 45 193
069 Bellsprout Grass 50 75 35 40 70 255 84
070 Weepinbell Grass 65 90 50 55 85 120 151
071 Victreebel Grass 80 105 65 70 100 45 191
072 Tentacool Water 40 40 35 70 100 190 105
073 Tentacruel Water 80 70 65 100 120 60 205
074 Geodude Rock 40 80 100 20 30 255 73
075 Graveler Rock 55 95 115 35 45 120 134
076 Golem Rock 80 110 130 45 55 45 177
077 Ponyta Fire 50 85 55 90 65 190 152
078 Rapidash Fire 65 100 70 105 80 60 192
079 Slowpoke Water 90 65 65 15 40 190 99
080 Slowbro Water 95 75 110 30 80 75 164
081 Magnemite Electric 25 35 70 45 95 190 89
082 Magneton Electric 50 60 95 70 120 60 161
083 Farfetch'd Normal 52 65 55 60 58 45 94
084 Doduo Normal 35 85 45 75 35 190 96
085 Dodrio Normal 60 110 70 100 60 45 158
086 Seel Water 65 45 55 45 70 190 100
087 Dewgong Water 90 70 80 70 95 75 176
088 Grimer Poison 80 80 50 25 40 190 90
089 Muk Poison 105 105 75 50 65 75 157
090 Shellder Water 30 65 100 40 45 190 97
091 Cloyster Water 50 95 180 70 85 60 203
092 Gastly Ghost 30 35 30 80 100 190 95
093 Haunter Ghost 45 50 45 95 115 90 126
094 Gengar Ghost 60 65 60 110 130 45 190
095 Onix Rock 35 45 160 70 30 45 108
096 Drowzee Psychic 60 48 45 42 90 190 102
097 Hypno Psychic 85 73 70 67 115 75 165
098 Krabby Water 30 105 90 50 25 225 115
099 Kingler Water 55 130 115 75 50 60 206
100 Voltorb Electric 40 30 50 100 55 190 103
101 Electrode Electric 60 50 70 140 80 60 150
102 Exeggcute Grass 60 40 80 40 60 90 98
103 Exeggutor Grass 95 95 85 55 125 45 212
104 Cubone Ground 50 50 95 35 40 190 87
105 Marowak Ground 60 80 110 45 50 75 124
106 Hitmonlee Fighting 50 120 53 87 35 45 139
107 Hitmonchan Fighting 50 105 79 76 35 45 140
108 Lickitung Normal 90 55 75 30 60 45 127
109 Koffing Poison 40 65 95 35 60 190 114
110 Weezing Poison 65 90 120 60 85 60 173
111 Rhyhorn Ground 80 85 95 25 30 120 135
112 Rhydon Ground 105 130 120 40 45 60 204
113 Chansey Normal 250 5 5 50 105 30 255
114 Tangela Grass 65 55 115 60 100 45 166
115 Kangaskhan Normal 105 95 80 90 40 45 175
116 Horsea Water 30 40 70 60 70 225 83
117 Seadra Water 55 65 95 85 95 75 155
118 Goldeen Water 45 67 60 63 50 225 111
119 Seaking Water 80 92 65 68 80 60 170
120 Staryu Water 30 45 55 85 70 225 106
121 Starmie Water 60 75 85 115 100 60 207
122 Mr.Mime Psychic 40 45 65 90 100 45 136
123 Scyther Bug 70 110 80 105 55 45 187
124 Jynx Ice 65 50 35 95 95 45 137
125 Electabuzz Electric 65 83 57 105 85 45 156
126 Magmar Fire 65 95 57 93 85 45 167
127 Pinsir Bug 65 125 100 85 55 45 200
128 Tauros Normal 75 100 95 110 70 45 211
129 Magikarp Water 20 10 55 80 20 255 20
130 Gyarados Water 95 125 79 81 100 45 214
131 Lapras Water 130 85 80 60 95 45 219
132 Ditto Normal 48 48 48 48 48 35 61
133 Eevee Normal 55 55 50 55 65 45 92
134 Vaporeon Water 130 65 60 65 110 45 196
135 Jolteon Electric 65 65 60 130 110 45 197
136 Flareon Fire 65 130 60 65 110 45 198
137 Porygon Normal 65 60 70 40 75 45 130
138 Omanyte Rock 35 40 100 35 90 45 99
139 Omastar Rock 70 60 125 55 115 45 199
140 Kabuto Rock 30 80 90 55 45 45 99
141 Kabutops Rock 60 115 105 80 70 45 199
142 Aerodactyl Rock 80 105 65 130 60 45 202
143 Snorlax Normal 160 110 65 30 65 25 154
144 Articuno Ice 90 85 100 85 125 3 215
145 Zapdos Electric 90 90 85 100 125 3 216
146 Moltres Fire 90 100 90 90 125 3 217
147 Dratini Dragon 41 64 45 50 50 45 67
148 Dragonair Dragon 61 84 65 70 70 45 144
149 Dragonite Dragon 91 134 95 80 100 45 218
150 Mewtwo Psychic 106 110 90 130 154 3 220
151 Mew Psychic 100 100 100 100 100 45 64
